2026-04-28T16:06:14.0777261Z ##[group]Run actions/download-artifact@3e5f45b2cfb9172054b4087a40e8e0b5a5461e7c
2026-04-28T16:06:14.0778357Z with:
2026-04-28T16:06:14.0779648Z   name: agent
2026-04-28T16:06:14.0780287Z   path: /tmp/gh-aw/
2026-04-28T16:06:14.0781001Z   merge-multiple: false
2026-04-28T16:06:14.0781846Z   repository: strawgate/agentic-workflows
2026-04-28T16:06:14.0782589Z   run-id: 25063885218
2026-04-28T16:06:14.0783205Z   skip-decompress: false
2026-04-28T16:06:14.0783841Z   digest-mismatch: error
2026-04-28T16:06:14.0784438Z env:
2026-04-28T16:06:14.0791806Z   GH_AW_MODEL_MULTIPLIERS: {
  "version": "1",
  "description": "Effective Tokens (ET) computation data per the gh-aw Effective Tokens Specification v0.2.0. Token class weights are applied first to normalize across token classes, then the per-model multiplier scales the result relative to the reference model.",
  "reference_model": "claude-sonnet-4.5",
  "token_class_weights": {
    "input": 1.0,
    "cached_input": 0.1,
    "output": 4.0,
    "reasoning": 4.0,
    "cache_write": 1.0
  },
  "multipliers": {
    "claude-haiku-4.5": 0.1,
    "claude-3-5-haiku": 0.1,
    "claude-3-haiku": 0.1,
    "claude-sonnet-4.5": 1.0,
    "claude-sonnet-4.6": 1.0,
    "claude-3-5-sonnet": 1.0,
    "claude-3-7-sonnet": 1.0,
    "claude-3-sonnet": 1.0,
    "claude-opus-4.5": 5.0,
    "claude-opus-4.6": 5.0,
    "claude-3-5-opus": 5.0,
    "claude-3-opus": 5.0,
    "gpt-4o": 1.0,
    "gpt-4o-mini": 0.1,
    "gpt-4.1": 1.0,
    "gpt-4.1-2025-04-14": 1.0,
    "gpt-41-copilot": 1.0,
    "gpt-4.1-mini": 0.1,
    "gpt-4.1-nano": 0.05,
    "gpt-4-turbo": 1.0,
    "gpt-4": 1.0,
    "gpt-5": 1.0,
    "gpt-5-mini": 0,
    "gpt-5.1": 1.0,
    "gpt-5.1-codex": 1.0,
    "gpt-5.1-codex-mini": 0.33,
    "gpt-5.1-codex-max": 1.0,
    "gpt-5.2": 1.0,
    "gpt-5.2-codex": 1.0,
    "gpt-5.3-codex": 1.0,
    "gpt-5.4": 1.0,
    "gpt-5.4-mini": 0.33,
    "o1": 3.0,
    "o1-mini": 0.5,
    "o1-pro": 10.0,
    "o3": 3.0,
    "o3-mini": 0.5,
    "o4-mini": 0.5,
    "gemini-2.5-pro": 1.0,
    "gemini-2.5-flash": 0.2,
    "gemini-2.0-flash": 0.1,
    "gemini-1.5-pro": 1.0,
    "gemini-1.5-flash": 0.1
  }
}
2026-04-28T16:06:14.0800252Z   GITHUB_AW_OTEL_TRACE_ID: c7c247f3fa45f09cd9f2b44f9f4e69ce
2026-04-28T16:06:14.0801142Z   GITHUB_AW_OTEL_PARENT_SPAN_ID: c483720f123396f8
2026-04-28T16:06:14.0801939Z   GITHUB_AW_OTEL_JOB_START_MS: 1777392373373
2026-04-28T16:06:14.0802655Z ##[endgroup]
2026-04-28T16:06:14.2911368Z Downloading single artifact
2026-04-28T16:06:14.4795125Z Preparing to download the following artifacts:
2026-04-28T16:06:14.4801449Z - agent (ID: 6688934364, Size: 57024, Expected Digest: sha256:aacb48c899a207a2132d68ee4409cfa9665fd1a604c03c79502df4187c661146)
2026-04-28T16:06:14.7587862Z Redirecting to blob download url: https://productionresultssa16.blob.core.windows.net/actions-results/f4dea667-6952-4b67-b3fc-88a7fcb9220d/workflow-job-run-beb658f4-a3ca-58d8-8204-e3fcbbef68f0/artifacts/d4f0bc5a29de06b510f9aa428f1eedba926012b591fef7a518e776a7c9bd1824.zip
2026-04-28T16:06:14.7592875Z Starting download of artifact to: /tmp/gh-aw
2026-04-28T16:06:15.0277703Z (node:1044) [DEP0005] DeprecationWarning: Buffer() is deprecated due to security and usability issues. Please use the Buffer.alloc(), Buffer.allocUnsafe(), or Buffer.from() methods instead.
2026-04-28T16:06:15.0279895Z (Use `node --trace-deprecation ...` to show where the warning was created)
2026-04-28T16:06:15.1164547Z SHA256 digest of downloaded artifact is aacb48c899a207a2132d68ee4409cfa9665fd1a604c03c79502df4187c661146
2026-04-28T16:06:15.1169666Z Artifact download completed successfully.
2026-04-28T16:06:15.1173850Z Total of 1 artifact(s) downloaded
2026-04-28T16:06:15.1181932Z Download artifact has finished successfully
