2026-04-28T16:04:54.0179387Z ##[group]Run actions/upload-artifact@043fb46d1a93c77aae656e7c1c64a875d1fc6a0a
2026-04-28T16:04:54.0180194Z with:
2026-04-28T16:04:54.0180539Z   name: activation
2026-04-28T16:04:54.0181352Z   path: /tmp/gh-aw/aw_info.json
/tmp/gh-aw/aw-prompts/prompt.txt
/tmp/gh-aw/github_rate_limits.jsonl
/tmp/gh-aw/base

2026-04-28T16:04:54.0182310Z   if-no-files-found: ignore
2026-04-28T16:04:54.0182738Z   retention-days: 1
2026-04-28T16:04:54.0183136Z   compression-level: 6
2026-04-28T16:04:54.0183538Z   overwrite: false
2026-04-28T16:04:54.0183943Z   include-hidden-files: false
2026-04-28T16:04:54.0184699Z   archive: true
2026-04-28T16:04:54.0185089Z env:
2026-04-28T16:04:54.0192228Z   GH_AW_MODEL_MULTIPLIERS: {
  "version": "1",
  "description": "Effective Tokens (ET) computation data per the gh-aw Effective Tokens Specification v0.2.0. Token class weights are applied first to normalize across token classes, then the per-model multiplier scales the result relative to the reference model.",
  "reference_model": "claude-sonnet-4.5",
  "token_class_weights": {
    "input": 1.0,
    "cached_input": 0.1,
    "output": 4.0,
    "reasoning": 4.0,
    "cache_write": 1.0
  },
  "multipliers": {
    "claude-haiku-4.5": 0.1,
    "claude-3-5-haiku": 0.1,
    "claude-3-haiku": 0.1,
    "claude-sonnet-4.5": 1.0,
    "claude-sonnet-4.6": 1.0,
    "claude-3-5-sonnet": 1.0,
    "claude-3-7-sonnet": 1.0,
    "claude-3-sonnet": 1.0,
    "claude-opus-4.5": 5.0,
    "claude-opus-4.6": 5.0,
    "claude-3-5-opus": 5.0,
    "claude-3-opus": 5.0,
    "gpt-4o": 1.0,
    "gpt-4o-mini": 0.1,
    "gpt-4.1": 1.0,
    "gpt-4.1-2025-04-14": 1.0,
    "gpt-41-copilot": 1.0,
    "gpt-4.1-mini": 0.1,
    "gpt-4.1-nano": 0.05,
    "gpt-4-turbo": 1.0,
    "gpt-4": 1.0,
    "gpt-5": 1.0,
    "gpt-5-mini": 0,
    "gpt-5.1": 1.0,
    "gpt-5.1-codex": 1.0,
    "gpt-5.1-codex-mini": 0.33,
    "gpt-5.1-codex-max": 1.0,
    "gpt-5.2": 1.0,
    "gpt-5.2-codex": 1.0,
    "gpt-5.3-codex": 1.0,
    "gpt-5.4": 1.0,
    "gpt-5.4-mini": 0.33,
    "o1": 3.0,
    "o1-mini": 0.5,
    "o1-pro": 10.0,
    "o3": 3.0,
    "o3-mini": 0.5,
    "o4-mini": 0.5,
    "gemini-2.5-pro": 1.0,
    "gemini-2.5-flash": 0.2,
    "gemini-2.0-flash": 0.1,
    "gemini-1.5-pro": 1.0,
    "gemini-1.5-flash": 0.1
  }
}
2026-04-28T16:04:54.0200301Z   GITHUB_AW_OTEL_TRACE_ID: c7c247f3fa45f09cd9f2b44f9f4e69ce
2026-04-28T16:04:54.0200988Z   GITHUB_AW_OTEL_PARENT_SPAN_ID: f0d0a659901364ba
2026-04-28T16:04:54.0201562Z   GITHUB_AW_OTEL_JOB_START_MS: 1777392291744
2026-04-28T16:04:54.0202078Z ##[endgroup]
2026-04-28T16:04:54.6245047Z Multiple search paths detected. Calculating the least common ancestor of all paths
2026-04-28T16:04:54.6247105Z The least common ancestor is /tmp/gh-aw. This will be the root directory of the artifact
2026-04-28T16:04:54.6247946Z With the provided path, there will be 3 files uploaded
2026-04-28T16:04:54.6250298Z Artifact name is valid!
2026-04-28T16:04:54.6250750Z Root directory input is valid!
2026-04-28T16:04:54.6254990Z Uploading artifact: activation.zip
2026-04-28T16:04:54.6255823Z Beginning upload of artifact content to blob storage
2026-04-28T16:04:54.6256870Z Uploaded bytes 3136
2026-04-28T16:04:54.6257336Z Finished uploading artifact content to blob storage!
2026-04-28T16:04:54.6258271Z SHA256 digest of uploaded artifact is e4fe442bc764b044cf9ed4c566e06d1a274ad2832854f29f2cb7031509bbc741
2026-04-28T16:04:54.6259486Z Finalizing artifact upload
2026-04-28T16:04:54.6261065Z Artifact activation successfully finalized. Artifact ID 6688908938
2026-04-28T16:04:54.6262073Z Artifact activation has been successfully uploaded! Final size is 3136 bytes. Artifact ID is 6688908938
2026-04-28T16:04:54.6263361Z Artifact download URL: https://github.com/strawgate/agentic-workflows/actions/runs/25063885218/artifacts/6688908938
